01192
01199
0130
01619
01729
01789
0703
1800
1809
1830
1860
1869
1413
1416
1419
1420
1440
1460
1505
1519
1521
1530
1532
1533
1534
1536
1537
1539
1540
1541
1542
1543
1551
1561
1570
1574
1579
1590
1600
1610
1613
1619
1623
1629
1649
1702
1707
1709
1720
1723
1725
1726
1727
1729
1730
1731
1732
1733
1734
1735
1736
1737
1950
1951
1740
1743
1744
1745
1748
1749
1799
1859
1890
1882
1889
1906
1909
1913
1916
1919
1939
2001
2015
2016
2017
2019
2020
2024
2028
2029
2040
2050
2051
2059
28099
2820
2829
2830
2849
2860
2864
2869
2870
2871
2872
28730
28739
2875
1359
24499
2410
2411
2419
2420
2422
2423
2429
25010
25011
25019
25000
25001
25009
25029
2503
2504
2505
25099
2520
2530
25329
2550
25549
2722
27249
2910
2918
2961
3119
3000
3320
3321
3335
3336
33379
3338
3339
3409
3418
3419
34510
34519
34550
34559
3459
3460
3461
3462
3468
3469
4359
3479
3550
3551
3555
3556
3558
35809
3593
3594
3421
3429
34300
3431
3439
3441
3446
3449
3314
3360
3369
3352
4019
4039
4019
4039
3940
3942
3949
4240
4241
4139
4109
4129
4280
4281
4151
4442
4448
4538
4254
4273
4270
4271
4272
4274
4276
4278
4279
4270
4271
4272
4274
4276
4278
4279
4141
4373
4410
4411
4414
4416
4423
4429
3940
3942
3949
3969
3989
4778
4779
4720
4721
4722
4730
4731
4732
4733
4739
4760
4910
4912
4918
4929
49309
49319
49390
49399
4949
5019
4952
5159
5109
53010
53011
53019
5300
5305
5302
5305
5310
5311
5314
5315
5317
5319
5320
5321
5323
5324
5325
5326
5327
5329
5334
5339
5343
5344
5349
5350
5351
5353
5354
5355
5356
5368
5369
5400
5401
5409
5419
5429
5500
5501
5509
5520
5530
5521
5531
5522
5532
5523
5533
5528
5538
5539
5550
5551
5552
5559
5620
5621
5771
5790
71400
71401
71403
71404
71405
71406
71409
71416
2749
71514
71515
71516
71526
71527
71531
71533
71534
71535
71536
71537
7158
7159
71650
71656
71659
71666
71691
71694
71695
71696
71697
71699
2320
2321
2322
2323
2324
2325
2326
2327
2329
2330
2331
2332
2333
2334
2335
2336
2337
2339
2340
2341
2342
2343
2344
2345
2346
2349
2350
2351
2352
2353
2354
2355
2356
2359
2361
2362
2363
2366
2369
2380
2381
2382
2383
2384
2385
2386
2387
2389
2390
2391
2392
2393
2394
2396
2399
7170
7171
7172
7173
7174
7175
7176
7177
7178
7179
7231
7234
7235
7238
7240
7242
7243
7244
7245
7246
7247
7248
7249
7231
7234
7235
7238
7240
7242
7243
7244
7245
7246
7247
7248
7249
7260
7261
7262
73305
73309
5859
5920
5921
5929
5950
5951
5952
5953
5958
5959
60099
6011
6039
6100
6101
6102
6103
6104
6108
6109
6110
6110
6141
6151
6160
6170
6171
6172
6173
6176
6178
6179
6180
6181
6184
6186
6187
6188
6189
6190
6191
6192
6198
6199
6261
6262
6264
6265
6266
6267
6268
6269
6280
6282
6283
6284
6288
6289
6069
3811
3812
3813
3821
3822
3823
3831
3850
3851
3852
3853
3860
3861
3863
3869
3872
3879
388
3890
3891
3892
3899
3662
3665
3668
3669
3632
3638
3650
3651
3652
3655
3656
3659
3780
3781
3784
3785
3788
3789
3682
3684
3688
3689
3690
3696
3697
3699
